# 10 / 50
ExecutorService 1 1114966086.00 8355027.48
ExecutorService 2 895527279.00 119735384.65
ExecutorService 4 814445616.00 93457285.52
ExecutorService 8 773579173.00 81400116.63
ExecutorService 16 751318136.00 48646443.96
ExecutorService 32 719677431.00 37736486.22
ExecutorService 64 711906005.00 31981278.38

__________________________________________________
# 5 / 30
ExecutorService 2 901846582.00 128100121.25
ExecutorService 4 785757602.00 81441821.59
ExecutorService 8 754796658.00 63898854.81
ExecutorService 16 739206069.00 58308087.14
ExecutorService 32 703960925.00 26010465.17
ExecutorService 64 707750496.00 17698808.43
ExecutorService 96 701706562.00 18352988.96
ForkJoinPool 1 1108293524.00 11447435.16
ForkJoinPool 2 725470654.00 72743551.57
ForkJoinPool 4 695199003.00 10150370.45
ForkJoinPool 8 704504402.00 11334797.31
ForkJoinPool 16 700817478.00 9825388.68
ForkJoinPool 32 718975736.00 12143287.06
ForkJoinPool 64 727355106.00 14400234.39
ForkJoinPool 96 897348853.00 186815835.63
ParallelStream 1 1098246325.00 131195430.67
ParallelStream 2 722908621.00 130334031.56
ParallelStream 4 648433209.00 30559567.62
ParallelStream 8 715518350.00 156245506.18
ParallelStream 16 619868121.00 7889106.82
ParallelStream 32 703316741.00 88586299.33
ParallelStream 64 739240179.00 171554995.52
ParallelStream 96 680667799.00 72507007.46

__________________________________________________
# 5 / 30, c = 96
ExecutorService 2 828504047.00 164061844.51
ExecutorService 4 619899247.00 134321068.46
ExecutorService 8 500622437.00 118225677.14
ExecutorService 16 414039555.00 113867814.30
ExecutorService 32 330548767.00 78136662.70
ExecutorService 64 286190572.00 71737515.39
ExecutorService 96 308434110.00 76160289.36
ForkJoinPool 1 1155652023.00 9194297.95
ForkJoinPool 2 622684295.00 93259071.69
ForkJoinPool 4 357422921.00 55367999.68
ForkJoinPool 8 236608921.00 50828755.47
ForkJoinPool 16 160692780.00 32864243.16
ForkJoinPool 32 126217847.00 10161860.45
ForkJoinPool 64 114990658.00 5663749.43
ForkJoinPool 96 116894872.00 6254125.07
ParallelStream 1 966552568.00 7666601.15
ParallelStream 2 642791299.00 149011399.20
ParallelStream 4 399367272.00 68199713.95
ParallelStream 8 239474908.00 28963781.06
ParallelStream 16 157589562.00 12254619.29
ParallelStream 32 122483971.00 6582154.50
ParallelStream 64 113344362.00 6452258.58
ParallelStream 96 116014686.00 6650618.80

__________________________________________________
new #1
SIZE=10000000
WARMUP=10
MEASURE=100
SEED=42

Sequential 1 1100607307.00 12912344.04
ExecutorService 2 835321797.00 156411137.71
ExecutorService 4 632512202.00 148613534.02
ExecutorService 8 500423801.00 138711793.46
ExecutorService 16 408984104.00 118176911.08
ExecutorService 32 327733183.00 86294961.40
ExecutorService 64 282598033.00 79488346.51
ExecutorService 96 282327790.00 79166964.86
ForkJoinPool 1 1013436504.00 7318232.66
ForkJoinPool 2 556134474.00 120708999.84
ForkJoinPool 4 322150363.00 52131491.16
ForkJoinPool 8 202377801.00 23946035.70
ForkJoinPool 16 133641065.00 12515405.22
ForkJoinPool 32 108701959.00 5694124.81
ForkJoinPool 64 119657678.00 7760762.40
ForkJoinPool 96 105706488.00 5109308.37
ParallelStream 1 1010545560.00 7735529.86
ParallelStream 2 679128954.00 147453231.88
ParallelStream 4 407847509.00 70638942.44
ParallelStream 8 244114092.00 28666678.46
ParallelStream 16 154400356.00 10605735.38
ParallelStream 32 124388636.00 6071717.69
ParallelStream 64 112740697.00 6746024.33
ParallelStream 96 113323098.00 6544576.43

__________________________________________________
# 2
Sequential 1 1104772840.00 13072923.49
ExecutorService 1 1121074645.00 11741121.07
ExecutorService 2 827786526.00 155487140.98
ExecutorService 4 635746908.00 149749695.52
ExecutorService 8 532729146.00 146024825.42
ExecutorService 16 410644651.00 118521746.25
ExecutorService 32 328802065.00 86432467.87
ExecutorService 64 285653433.00 80199278.30
ExecutorService 96 285300347.00 79861314.83
ForkJoinPool 1 1014563713.00 10165420.36
ForkJoinPool 2 598961981.00 127334518.00
ForkJoinPool 4 323783874.00 73542892.23
ForkJoinPool 8 202673500.00 40380425.10
ForkJoinPool 16 140218387.00 14452314.89
ForkJoinPool 32 113279921.00 6124189.56
ForkJoinPool 64 108551710.00 6387027.11
ForkJoinPool 96 109594692.00 5427412.27
ParallelStream 1 985254933.00 9800191.98
ParallelStream 2 711941864.00 156128753.56
ParallelStream 4 421406373.00 69948721.92
ParallelStream 8 240844949.00 25169741.14
ParallelStream 16 169510563.00 12091750.04
ParallelStream 32 119095339.00 6691049.76
ParallelStream 64 112226904.00 6422624.40
ParallelStream 96 113486575.00 6435246.24
JavaSort 1 870895110.00 7676462.55
JavaSort 2 446847417.00 16920580.72
JavaSort 4 233865048.00 5171493.26
JavaSort 8 113423730.00 1771502.75
JavaSort 16 60597393.00 715655.62
JavaSort 32 35532251.00 1889393.26
JavaSort 64 30615986.00 2060109.63
JavaSort 96 29465531.00 873349.31

__________________________________________________
# 3
Sequential 1 1100507480.00 9895247.16
ExecutorService 1 1114523412.00 9780432.69
ExecutorService 2 858659837.00 161149130.30
ExecutorService 4 655579865.00 153782900.42
ExecutorService 8 514461710.00 123737898.19
ExecutorService 16 419791670.00 106033741.58
ExecutorService 32 353944243.00 101376105.26
ExecutorService 64 297035673.00 67310391.37
ExecutorService 96 296567846.00 67469317.35
ForkJoinPool 1 1012852264.00 7346442.95
ForkJoinPool 2 554272024.00 119977432.43
ForkJoinPool 4 325129284.00 55718408.92
ForkJoinPool 8 201856994.00 26647885.27
ForkJoinPool 16 149543535.00 14074206.68
ForkJoinPool 32 124385319.00 8457000.73
ForkJoinPool 64 108115073.00 5117799.61
ForkJoinPool 96 109139829.00 6400111.26
ParallelStream 1 1007221062.00 13067430.75
ParallelStream 2 678278566.00 158843740.83
ParallelStream 4 422490276.00 77993115.68
ParallelStream 8 245367932.00 31424266.43
ParallelStream 16 162640883.00 19352678.46
ParallelStream 32 126273828.00 12554337.82
ParallelStream 64 118173959.00 7955179.82
ParallelStream 96 119648076.00 12128540.76
JavaSort 1 895072624.00 4147937.90
JavaSort 2 468335224.00 16752348.08
JavaSort 4 234910155.00 4777726.09
JavaSort 8 117864342.00 1598963.42
JavaSort 16 60239706.00 746953.31
JavaSort 32 36659269.00 2247076.39
JavaSort 64 28594156.00 2728997.89
JavaSort 96 30242045.00 3840391.43

__________________________________________________
# last
Sequential 1 1104127734.00 12096945.05
ExecutorService 1 1117635953.00 13139607.31
ExecutorService 2 847351712.00 158458670.49
ExecutorService 4 664498826.00 157966445.71
ExecutorService 8 524327361.00 128524174.33
ExecutorService 16 413239695.00 103654811.83
ExecutorService 32 346720888.00 98619275.72
ExecutorService 48 353209365.00 102109972.44
ExecutorService 64 297004750.00 67978449.36
ExecutorService 96 296520844.00 67392804.58
ForkJoinPool 1 1017545270.00 8998834.65
ForkJoinPool 2 560523337.00 120944830.35
ForkJoinPool 4 333462572.00 74467330.88
ForkJoinPool 8 203096825.00 37598915.33
ForkJoinPool 16 135502840.00 11936425.33
ForkJoinPool 32 107820430.00 5576700.05
ForkJoinPool 48 103541625.00 4407615.12
ForkJoinPool 64 107759536.00 5001552.28
ForkJoinPool 96 104028482.00 4907570.57
ParallelStream 1 1011531373.00 14673060.22
ParallelStream 2 682090795.00 160529972.75
ParallelStream 4 425662303.00 76835804.68
ParallelStream 8 247988432.00 30760318.14
ParallelStream 16 161932766.00 18885824.67
ParallelStream 32 126086216.00 12630044.58
ParallelStream 48 119995289.00 11815691.72
ParallelStream 64 116442298.00 11814009.81
ParallelStream 96 119119151.00 12142830.97
JavaSort 1 899786885.00 5703541.32
JavaSort 2 472572851.00 15956988.34
JavaSort 4 241425499.00 4912864.41
JavaSort 8 116700230.00 1705243.79
JavaSort 16 56621549.00 856222.68
JavaSort 32 37686053.00 1906896.64
JavaSort 48 30885548.00 2645267.81
JavaSort 64 30093338.00 2467547.17
JavaSort 96 28866777.00 3775218.18